4,14,2+,10,9,13,7
1,14,2+,3,8,4,12,13,10,11
8,4,2+,9,12,3,6
13,7,2+,5,6,8,10,11,3,1
3,7,2+,5,8,6,4
12,3,2+,11,9,6,4,14
13,3,2+,12,11,8,9,10
3,5,2+,11,8,14,13,9,1
14,9,2+,11,10,12,7
10,1,2+,4,11,13,6,5,14
6,14,2+,5,13
6,11,2+
14,9,2+,12,5
8,7,2+,6,4,10,9
5,6,2+,7,11,13,1,4,3
12,10,2+
4,3,2+,5,6,9,8
3,9,2+,11,4,6,8,1
1,8,2+,9,11,12,10,5,4
5,10,2+
6,14,2+,4,8,7
14,8,2+
10,13,2+,1,3,8
11,3,2+,9,7
5,3,2+,1,14,11,12,6
8,13,2+,5
9,8,2+,4,7,5,11,3,10
3,12,2+,8,11,14,9,7,1,5
6,8,2+,11,4,7
1,5,2+,14,8,10,3,9,6,13
9,5,2+
1,5,2+,6
12,5,2+,8,4,7,11,13,1,10
3,12,2+,14,4,5,1,9
10,7,2+,13
13,8,2+,3,9,1,10,14,5,6
7,11,2+,10,14,1,9,5
13,5,2+,12,4,14,6,8,3
11,6,2+,3,10
7,11,2+,9,5
13,3,2+,10,4,5,1
6,10,2+,8,9,14,3
14,4,2+,11
12,13,2+,3,6
12,10,2+,13,1,5,4,8
12,10,2+,9,11,1
10,3,2+
10,1,2+,13,3,9,6,8
3,5,2+,7,4,11,10
9,10,2+,13,14,7
10,3,2+,4,11,13,5,1
9,7,2+,11,14,8,10,4
11,4,2+,6,10,13,5,1,7,12
12,1,2+,7,5,10,6,11
14,8,2+
4,1,2+,3,12,14
4,10,2+,1
3,12,2+,9,8,6,4
5,10,2+,14,12,3,6,11,4,13
13,6,2+,14,1,12,3,7,10
6,12,2+,1,13,5,9,4,10,3
10,7,2+,12,13,3,8,4
6,10,2+,7,8,5,13
7,6,2+,12,1,10,3,14,4,13
12,4,2+,8,1,6,14,3,5,9
5,14,2+,4,3,13,10,12
10,7,2+,8,12
4,6,2+,9,13,12
4,7,2+,12,5,14,1
14,5,2+,12
8,9,2+
12,11,2+,3
8,12,2+,9,14,6,11,7
10,3,2+,11,7,5,12,1,8,9
10,7,2+,6,4,1,11,13
4,5,2+,7,12,1
9,14,2+,12,1,6,3,4,7,13
7,4,2+,9,12
7,13,2+,10,4,5,1,3
3,13,2+
11,3,2+,4,1,5,12
1,12,2+
14,11,2+,8,9,3,10,1,13,7
12,7,2+,13,14,9,3,4
14,9,2+,11
6,4,2+,5
10,5,2+,6,14,12,3,13,4
10,3,2+,13,8,6
3,14,2+,9,12,5,6,10
5,3,2+,14,6,7,8,4,13
5,7,2+,3,4,9,14,12,1
3,5,2+,4,13,14,1,12
4,3,2+,14
5,10,2+,3,9
12,14,2+,9
9,12,2+
12,6,2+,8,1,13,9,11,5
3,10,2+
12,11,2+,9,14
9,8,2+,4,14,6,1,7,12
