3,13,2+,1,11,8,12,14
12,4,2+,3,11
10,6,2+,9,4,13,5
8,11,2+,9
7,9,2+
1,8,2+,4,7,10
13,5,2+,4,14,12,7
11,8,2+,4,14,1,6
13,3,2+,7,8,6,12,5,1,14
3,11,2+,1,7,4,14,8,5,10
8,10,2+,3
4,9,2+,7,13,11,8,5,6
7,3,2+,1,4,13,12,5,9,8
1,9,2+,10,8,6,7
9,8,2+,1
12,4,2+,13
8,12,2+,13
9,6,2+,5,12,14,10
8,14,2+,6,13,11
7,10,2+,1,8,11,14,12,4,6
8,13,2+,7,10,14,4,11,5,1
7,11,2+,14,13,1,12,3,9,6
12,7,2+,13,10
6,5,2+,3,13,4,14,1,9,12
12,14,2+
6,12,2+,7,14,8
10,3,2+,5
8,10,2+,7,3,11,4,5,13
12,10,2+,8,13,3,1
6,10,2+,9,4,1,8,12,7,14
9,5,2+,12,13
13,7,2+,11,5,10,3
6,11,2+,4,14,9,5
12,6,2+,8,11,13
13,1,2+
5,4,2+,8,3,13
9,8,2+,1
1,12,2+,4,6,11
4,9,2+,5,6,7,10,13,8,1
6,14,2+,5,10,7
