11,4,2+,5,13,9,1,3,7,8
10,5,2+,11,8,3,1,9,4
4,9,2+,3,10,11,1
1,7,2+,4
13,4,2+
12,1,2+,10
10,3,2+,5,12,8,11,6,4
1,14,2+,11,5,12,8,6,7,10
1,3,2+,10,7,8
9,3,2+,7,5,13,11,12,14,10
4,8,2+,7,1,14
6,14,2+,5,4
13,11,2+,1,12
13,14,2+,12,4,6,9
8,1,2+,7,12,4,5,6
14,9,2+,6,11
1,14,2+,10,13,3
4,13,2+,6,1
4,6,2+,10,5
6,3,2+
3,1,2+,12,4,8
7,3,2+,11,5
6,10,2+,8
1,9,2+,11,7
6,12,2+,10,4,5,1
11,6,2+,9,7,13,4,12,3
14,4,2+
6,1,2+
9,1,2+,3,11,12,4,5,10,14
11,14,2+
14,10,2+,5,1,4,8,6,3,12
7,3,2+,9
13,5,2+
5,12,2+,8,1,10,6,14,4
5,12,2+,14,4,6,9,13,11,8
12,7,2+,5,13,10,4,11,14,6
1,9,2+,8,5,4
1,8,2+,9,13,3,5,14,12,7
4,12,2+,9,6
5,8,2+,12,14,10,13,9
9,10,2+,6,5
12,6,2+
9,12,2+,6,14,4,11,13,1
10,13,2+,12,8,3,5,1,7,11
13,7,2+,8,12,1,6
5,13,2+,12,4
6,1,2+,14,11,8
8,12,2+
3,12,2+,4,13,10,14,1,6
6,8,2+,14
9,7,2+
5,11,2+,3,13,6,12,4,10
14,4,2+,5,7,10,9,3,1,12
14,3,2+,13
10,11,2+
8,14,2+,11,4,10
13,14,2+,8,12,3,9
3,9,2+
3,4,2+,1,13,9,5
8,11,2+,3,6,14
8,4,2+,7,14
10,5,2+,9,7,4,1,8,3,6
7,6,2+,5,4,14,10,13
14,9,2+
4,10,2+,8,11,3,9
7,12,2+
7,8,2+
7,1,2+,12,9,8,14,10,11
5,7,2+,4,12,6
14,9,2+,13,7,3,1,6,12,8
14,9,2+
11,10,2+,14,8,3,5,13,7,6
14,7,2+
5,6,2+,10
5,3,2+,1,12
13,3,2+,8,6,4,7
1,6,2+,8,7,3,14,12
14,8,2+,12,9,5,10,1
1,13,2+,12,3
1,11,2+,14,9,8,3,10,6
3,4,2+,6,9
8,6,2+,1
3,12,2+,10,13,1
3,10,2+
5,6,2+,10,11,1,12,3
12,3,2+,5,9,6,10,13
9,10,2+,6,13,14,4,7,12
8,7,2+
3,9,2+
14,10,2+,7
