1,3,2+,9,14,8,12,6
4,14,2+,9,7
11,12,2+
8,6,2+,14,13,4,11,12,10,3
13,9,2+,4,12,3,1,14,7,10
8,10,2+,11
6,7,2+,5,9,4,3,11,12,10
1,9,2+,12,3,4,5,14
5,14,2+,8,10,12,1,11
13,10,2+,7,11,1,4,3
4,9,2+,12,7,11,5,10,3,1
13,14,2+,6,7,5,9
10,4,2+,5,6,9,12,3,14
3,4,2+,11,7
5,4,2+
10,9,2+,13,12,3,5,8,6
8,6,2+,1,11,14,5,9
11,7,2+,4,12,14,10
5,4,2+,3,10,7,8,6,13
3,9,2+,1,12,6,4,7
11,7,2+
11,4,2+,3
7,1,2+
6,11,2+
6,9,2+,10,8,5,12,4,7,3
9,12,2+,4,5
14,10,2+,7,9,13,5
7,14,2+,12,1,13,10,11,6,9
14,3,2+,6,11,13
13,11,2+,10,5,1,7
