4,5,2+,1,3,9,6,10,11
13,8,2+,6,4
5,3,2+,4,1,14,13
8,6,2+,13,11,9,4
11,13,2+,9,5
3,9,2+,7,14,1,11,6
13,5,2+,1,4,7,6
1,11,2+,4,10,8,3,7,14,5
10,3,2+,5,6,12
7,11,2+,8,14,6,5,1,4,3
14,3,2+,6,13,11,1
8,10,2+,5,13,12,4,11
14,3,2+,11,12,4,10,9,13,8
14,1,2+,10,3,5,8,9
5,14,2+,13,1
5,12,2+,11,7,6,8
10,5,2+,9,14,1
11,3,2+
5,3,2+,7,8,4
11,5,2+,3,6,14,10,7,9,1
10,12,2+,5
10,12,2+,13,5
14,6,2+,9,11,13,5,12
4,8,2+,5,11,3
9,1,2+,14,7,3
12,3,2+,1,9
14,6,2+,13,10,4,1,9
1,12,2+,4,3
10,3,2+,14,4
10,14,2+,4,1,9
7,11,2+,12,9,8,1,5,13,3
7,12,2+,10,9,5,6,1
6,9,2+,13
13,12,2+,6,4,7,14
10,4,2+,14,13
14,8,2+,1,11,7,4,5
9,8,2+
13,7,2+,6,3,8
10,3,2+,8,5
6,13,2+,8,7
8,6,2+,10,9
13,4,2+,11,9,8
13,12,2+,4
7,1,2+,8,3,14,5,12
5,1,2+,11,3,7,4,12,6,9
5,13,2+,4,3
14,9,2+,13,10,1,4
6,1,2+
13,14,2+,6,10,11,12,5,8
1,7,2+,12,5,3,6
8,1,2+,3,12,11
6,9,2+,11
9,1,2+,7,4,6,3
9,12,2+,1,6
11,8,2+
11,10,2+,1,5,9,3,7
3,11,2+,6,9,4,1,8,10
12,4,2+,8,3,7,1,6
9,8,2+,6,11,4,10,7
10,11,2+,1
5,13,2+,7,4
12,5,2+,6,11,4,8
13,14,2+,4,7,12,8
14,6,2+,11,7,1,3,5
4,12,2+,9,5
10,6,2+,4,14,8,9,13,12,3
13,10,2+,12,3,1,14,7
12,10,2+
6,9,2+,5,10,14
13,6,2+,8,5,1,9
14,5,2+,3,13,11,7
8,14,2+,3,7
3,9,2+
7,13,2+,10,11,12,5,14,3,4
8,11,2+,9,4,3,12
11,5,2+,7,13,6,10
9,13,2+,1,11,7,3,12,5
11,7,2+,1,3,4,12,13,6
12,7,2+,4,6,9
3,6,2+
