6,12,2+,13,1
6,10,2+,4,11
13,14,2+,11,1
3,10,2+,4
1,7,2+,12
13,9,2+,10,4
9,5,2+,3,13,7
10,7,2+,13,8,11,5,9,1
7,13,2+,8
7,3,2+,11,13,4,6,9
11,5,2+,12
5,12,2+,3,10,6,8,4,11,9
11,5,2+,8,9
12,11,2+,4,3,6,5,1,7,8
3,9,2+,12,14,7,6,11,10,8
4,1,2+,3,9,5,13,6,11,7
6,4,2+,14,3,13,12,11,1
9,13,2+,11
4,10,2+,5,9,1
5,12,2+
1,4,2+,5,11,12,14,10,9
11,12,2+,5,14,9,13,6,1
3,12,2+,5,8,10,7
5,11,2+,10,12,4,6,1
9,7,2+,5,6,3,14,1,13
12,3,2+,9,10
8,3,2+,13,4,11,14,7,1,6
10,9,2+,1
9,10,2+,8,3
1,10,2+,4,11
5,12,2+,1,11,13,3,4
3,8,2+,7,5,13
6,3,2+,14,11,1,9,13,5,4
6,11,2+,7
9,7,2+,4,6,13,10,14,12
3,7,2+,11,8,12,14,6,5
10,4,2+,8,11,5
8,1,2+,9
6,9,2+,8,4,7
10,14,2+,9,3,13,6,11,8
1,11,2+,6,9,10,13,12,8,4
9,3,2+,12,4,14,10,5,11
6,5,2+,10,3,8
4,11,2+,5,13,3,1,9,14,6
14,4,2+,11,7,3
4,7,2+,13,8
3,11,2+,4,14,6,1
5,1,2+,3,9,7,8,6
7,4,2+,13,8,3,12,11
12,6,2+,11,13,10,1,5,9,7
13,6,2+,11,14,10,1,12
6,10,2+,1
14,8,2+,10,3,13
10,11,2+,6,5,1,8,14,12
7,12,2+,6
4,7,2+,1,8,5
8,10,2+,9,6
14,6,2+
1,8,2+,10,5
7,5,2+,6,11,14,4,10,9,12
12,1,2+,14
12,6,2+,8,3,14
12,8,2+,4,9,1,10,14,13,11
4,12,2+,3,5,10,11,8,13,9
9,13,2+,1,5,7,14,10,4
12,8,2+,13,10,9,14
11,10,2+,9,4,3,14,13
6,8,2+,12
13,12,2+,4,8,1,7,10,6,3
6,5,2+,14,12,4,7,11,8
