9,11,2+,8
11,14,2+,7,10,3,8,9,5
4,7,2+,3
6,5,2+,3,14,12,1,13,7,8
13,7,2+,4,3,12,10,11,8,6
14,6,2+
12,9,2+,10,7,8,1,14,3,13
12,14,2+,6,1
14,4,2+,3,8,13,5,7,1,9
9,14,2+,7
13,10,2+,4,8,14,9
11,8,2+,5,14,13
7,3,2+,4
5,10,2+,9,8,14,13,11,3,12
3,10,2+,6,14
1,4,2+,9,13,10
9,13,2+,5,10,14
13,12,2+
13,1,2+
6,10,2+,7,14,8,1
7,10,2+,13
4,13,2+,5,12,8,11
12,3,2+
11,5,2+
11,10,2+,3,1,4,12,9,7,6
11,12,2+,14
12,4,2+,1
12,4,2+,1
12,3,2+,7,11,6,1,4,10
13,9,2+,1,3,4,8,5,10
7,1,2+,13,6,5,10,14,11
4,1,2+,8,7,10,3,11
6,13,2+,10,7,1,9,8,3
12,5,2+,3,4
8,4,2+,6,3,11
3,10,2+,13,4,8,5,9,7,12
3,8,2+,11,5,14,10,13,12,9
9,8,2+,6
1,3,2+,4,12,14,7,11,9,5
4,1,2+,10,6,9
14,13,2+,9,11
1,11,2+,8,13,5
8,14,2+,7,9,11,13,4
10,14,2+,12,1,9,8,3,6,7
13,6,2+,11,9
5,12,2+,3,1,13,11,4
13,7,2+,8,4,12,6,14
1,5,2+,12
6,5,2+,8,7,10,3,9
12,9,2+,11,7,3,8,14,10,13
4,7,2+,14,11,8,12,6,5
8,5,2+,7,9,1,12
12,13,2+,1,6,11
8,9,2+,1,4,12,11,5
10,9,2+,8,6,5,4,7,12,14
7,1,2+,10,11,9,12,3
12,9,2+,10,6
12,10,2+
5,13,2+,10
1,9,2+,3,11,7,14
