3,8,2+,9,13,11,7,6,14,1
12,5,2+,13
3,8,2+
4,9,2+,11,14,1,3,8,10,12
5,3,2+,9,7,6,10,12,11,4
5,4,2+,14,8,3,6,1,13
10,1,2+,14,13,3
3,11,2+,1,4,9,13,10
12,5,2+,13,4,11,7,6
4,8,2+,12,11
3,5,2+,10,14,4,11,9,1,6
13,7,2+,8,1
14,7,2+,11,8,3,9,6
9,4,2+,5,13
7,11,2+,14,6,8,3,13,9
4,7,2+,14,13,5,10,8,11,9
11,13,2+
13,10,2+,1,3,7,11,6,5,9
4,5,2+
11,12,2+
7,8,2+,3,11,14,13,5,4
8,11,2+,12
1,11,2+,5,10,7,4,14
12,1,2+
11,12,2+
12,4,2+,3,6,13,1,9,14
13,3,2+,1
13,4,2+,9,3,7,1,10,8,12
14,3,2+,13,9,11,8,7,5,6
9,8,2+,7,10,6,14,5,4
1,14,2+,11
12,7,2+,1,11
8,12,2+,4,14,6,9,5
4,5,2+,10,13
13,1,2+,9,8,3,7,4,12,14
11,10,2+,12,14,5
11,9,2+,13,1,12
14,3,2+,11,4,13,1,7
14,11,2+,8,1,10,6,3
11,9,2+,14,12
10,8,2+
5,10,2+,13,3,7,12,14,6,1
9,5,2+,8,4,13,12,1,10,3
14,9,2+,4,10,1,13,8,11
8,3,2+,10,7,9,4,5
7,8,2+,3,4,9,11,14,1,6
14,12,2+,6
13,5,2+
5,11,2+,10,3
11,3,2+,5,14,1
